image: ed22.pgm
resolution: 0.01950
origin: [-6.00, -6.50, 0.000000]
negate: 0
occupied_thresh: 0.65
free_thresh: 0.196

